0.1 0.1 5 14207 7847.8 8276.5
0.25 0.1 5 10977 7797.4 7585.0
0.5 0.1 5 10307 5778.2 4919.5
0.75 0.1 5 11348 4906.5 4921.0
0.9 0.1 5 4869 2819.6 2813.5
0.1 0.25 5 13300 9917.3 10314.0
0.25 0.25 5 12004 7828.8 7404.5
0.5 0.25 5 9706 5393.1 5027.0
0.75 0.25 5 8356 3569.4 2984.0
0.9 0.25 5 8435 3263.2 2580.5
0.1 0.5 5 13397 9114.2 10042.5
0.25 0.5 5 10947 7831.6 7941.0
0.5 0.5 5 9607 5446.0 5422.5
0.75 0.5 5 6157 2733.8 1907.5
0.9 0.5 5 4905 2943.4 2921.5
0.1 0.75 5 14433 10301.3 9168.5
0.25 0.75 5 11144 8911.9 9550.5
0.5 0.75 5 11622 6098.9 5537.5
0.75 0.75 5 10367 3496.0 2767.0
0.9 0.75 5 6126 3056.7 2539.0
0.1 0.9 5 12964 8395.3 7578.0
0.25 0.9 5 12453 7278.6 7519.5
0.5 0.9 5 10569 5539.5 5393.5
0.75 0.9 5 5919 4230.7 4458.5
0.9 0.9 5 6034 3770.2 3816.0
0.1 0.1 10 13107 8938.0 9592.0
0.25 0.1 10 12371 8898.4 8933.0
0.5 0.1 10 11479 6019.4 5098.0
0.75 0.1 10 7270 4256.3 4279.5
0.9 0.1 10 6872 3436.8 3050.5
0.1 0.25 10 13656 9099.4 9429.5
0.25 0.25 10 12063 8880.4 9484.5
0.5 0.25 10 8547 4501.6 4593.0
0.75 0.25 10 8337 4318.4 3971.5
0.9 0.25 10 5572 3155.7 2889.5
0.1 0.5 10 12694 8185.7 8303.5
0.25 0.5 10 13833 7555.8 8201.0
0.5 0.5 10 10573 4852.9 3460.5
0.75 0.5 10 8511 5196.2 5229.0
0.9 0.5 10 7769 3351.2 2977.0
0.1 0.75 10 12865 8474.4 8771.0
0.25 0.75 10 11641 7069.0 6588.5
0.5 0.75 10 9853 4642.7 3955.0
0.75 0.75 10 7822 3585.2 3452.0
0.9 0.75 10 8316 4387.1 4579.0
0.1 0.9 10 11277 6437.5 5530.0
0.25 0.9 10 13030 6289.9 4647.0
0.5 0.9 10 8498 4512.6 4264.0
0.75 0.9 10 7835 3552.4 3358.0
0.9 0.9 10 6490 3485.0 2741.5
0.1 0.1 50 13074 8427.7 9217.0
0.25 0.1 50 12447 6673.6 4762.5
0.5 0.1 50 10477 6848.3 7436.0
0.75 0.1 50 6168 2929.7 2642.0
0.9 0.1 50 3355 2423.8 2419.5
0.1 0.25 50 11405 7767.4 8204.5
0.25 0.25 50 11297 8301.7 8774.5
0.5 0.25 50 9477 4690.0 4143.0
0.75 0.25 50 10632 5221.5 4892.5
0.9 0.25 50 5661 3315.3 2991.5
0.1 0.5 50 13578 6917.8 6044.5
0.25 0.5 50 12630 5841.8 4874.0
0.5 0.5 50 8935 4635.7 4442.0
0.75 0.5 50 8345 4661.8 4380.0
0.9 0.5 50 4714 3330.4 3225.5
0.1 0.75 50 14210 9185.2 9180.5
0.25 0.75 50 13070 8734.3 8423.5
0.5 0.75 50 9906 5872.7 4740.5
0.75 0.75 50 9921 4703.5 3655.0
0.9 0.75 50 7071 3552.4 3026.5
0.1 0.9 50 12381 8398.6 8672.0
0.25 0.9 50 11204 6147.8 5951.5
0.5 0.9 50 10968 6358.2 6499.5
0.75 0.9 50 4441 2855.2 2536.0
0.9 0.9 50 6562 2881.7 2195.0
0.1 0.1 100 14648 8079.1 8708.0
0.25 0.1 100 10829 6588.6 6330.5
0.5 0.1 100 9000 3894.7 3556.5
0.75 0.1 100 11661 4257.4 3355.5
0.9 0.1 100 6544 3741.0 3061.0
0.1 0.25 100 13273 8160.5 6639.0
0.25 0.25 100 14791 8828.3 9657.0
0.5 0.25 100 12440 6379.4 5269.0
0.75 0.25 100 5172 3382.1 3694.5
0.9 0.25 100 7671 3028.4 2564.5
0.1 0.5 100 15600 7995.1 7291.5
0.25 0.5 100 10513 6062.9 6560.5
0.5 0.5 100 10414 4674.9 4207.5
0.75 0.5 100 6125 4031.8 4198.0
0.9 0.5 100 6264 2791.7 2392.5
0.1 0.75 100 10339 6979.7 6394.5
0.25 0.75 100 11147 6775.1 6433.0
0.5 0.75 100 8099 6220.6 6871.5
0.75 0.75 100 8760 4009.4 4365.5
0.9 0.75 100 6548 4015.0 3680.0
0.1 0.9 100 11469 6805.4 6984.5
0.25 0.9 100 12204 8353.4 7864.0
0.5 0.9 100 12324 4470.0 3450.5
0.75 0.9 100 10091 3948.6 3469.0
0.9 0.9 100 3880 2577.0 2837.0
0.1 0.1 200 11148 8195.8 8763.0
0.25 0.1 200 10717 6291.1 6621.0
0.5 0.1 200 9853 5943.2 5629.5
0.75 0.1 200 9240 4251.5 3646.5
0.9 0.1 200 9813 3712.1 2580.0
0.1 0.25 200 12276 7611.5 7361.0
0.25 0.25 200 12197 8166.5 8042.0
0.5 0.25 200 5929 4212.2 4497.0
0.75 0.25 200 7775 3318.7 2729.5
0.9 0.25 200 4898 3127.3 3519.0
0.1 0.5 200 9776 6678.7 7023.5
0.25 0.5 200 11548 7165.2 7419.5
0.5 0.5 200 8249 5841.4 6081.5
0.75 0.5 200 7269 3807.5 3591.0
0.9 0.5 200 4267 2630.6 3231.0
0.1 0.75 200 11403 7274.6 7357.0
0.25 0.75 200 11651 6276.3 5983.5
0.5 0.75 200 10155 5683.8 5098.5
0.75 0.75 200 8584 3755.5 3128.0
0.9 0.75 200 4629 2940.7 2821.0
0.1 0.9 200 12902 8083.4 6805.5
0.25 0.9 200 10678 4768.0 4169.0
0.5 0.9 200 12224 5797.8 5510.0
0.75 0.9 200 6935 4396.8 5455.0
0.9 0.9 200 8687 4777.6 5095.0
