0.1 0.1 5 9679 6781.5 6932.5
0.25 0.1 5 9042 6613.4 7096.0
0.5 0.1 5 8076 5796.0 6066.5
0.75 0.1 5 7074 5128.8 5073.5
0.9 0.1 5 6463 5079.1 5215.5
0.1 0.25 5 9927 7026.8 7430.5
0.25 0.25 5 8914 6724.7 6910.0
0.5 0.25 5 10519 6738.1 6273.0
0.75 0.25 5 7438 5418.4 5417.5
0.9 0.25 5 4819 4075.1 4091.5
0.1 0.5 5 12009 7407.4 6323.5
0.25 0.5 5 10510 7333.7 7394.0
0.5 0.5 5 9066 6021.8 5736.5
0.75 0.5 5 7114 4993.8 5305.0
0.9 0.5 5 7375 5519.2 5937.5
0.1 0.75 5 11694 8025.4 7649.0
0.25 0.75 5 11086 7799.5 8506.5
0.5 0.75 5 9222 6458.5 5774.0
0.75 0.75 5 9920 5556.9 5189.0
0.9 0.75 5 8525 5007.6 4594.5
0.1 0.9 5 9439 8090.4 8052.0
0.25 0.9 5 9109 6600.0 6977.5
0.5 0.9 5 8847 6238.5 6332.5
0.75 0.9 5 10852 5223.7 4748.0
0.9 0.9 5 7910 5647.5 5557.0
0.1 0.1 10 12544 7892.3 7974.0
0.25 0.1 10 11990 7349.0 7503.5
0.5 0.1 10 7642 5884.6 6139.5
0.75 0.1 10 7244 5447.1 5373.5
0.9 0.1 10 7126 4708.5 4432.5
0.1 0.25 10 10218 7611.9 7715.5
0.25 0.25 10 9622 6909.4 7263.5
0.5 0.25 10 7234 5891.7 5814.5
0.75 0.25 10 6916 4825.7 5290.5
0.9 0.25 10 8345 5162.3 4530.0
0.1 0.5 10 9804 7920.7 7854.0
0.25 0.5 10 11689 7738.7 8030.5
0.5 0.5 10 10837 6995.9 6667.0
0.75 0.5 10 7269 4468.2 4389.0
0.9 0.5 10 6459 4574.8 4430.5
0.1 0.75 10 9657 8168.7 8506.5
0.25 0.75 10 9803 6474.2 6292.5
0.5 0.75 10 10364 6770.1 6752.5
0.75 0.75 10 9508 5186.8 4925.0
0.9 0.75 10 7228 4503.0 4229.0
0.1 0.9 10 10710 8423.2 8342.5
0.25 0.9 10 11802 6835.8 6097.5
0.5 0.9 10 8230 5538.8 5191.5
0.75 0.9 10 7929 5637.8 6145.0
0.9 0.9 10 8944 5830.9 6144.5
0.1 0.1 50 11501 8014.6 7790.0
0.25 0.1 50 10339 5982.2 5752.0
0.5 0.1 50 9897 6147.2 5763.5
0.75 0.1 50 9681 4779.1 4005.5
0.9 0.1 50 9750 5289.1 4624.5
0.1 0.25 50 10974 8287.7 8742.5
0.25 0.25 50 11047 6919.5 6101.5
0.5 0.25 50 7835 5843.0 6062.0
0.75 0.25 50 8911 5159.6 5458.0
0.9 0.25 50 7893 4466.8 4775.5
0.1 0.5 50 8848 5903.5 6678.0
0.25 0.5 50 9360 7036.6 6816.0
0.5 0.5 50 8846 6327.8 6512.5
0.75 0.5 50 7101 5325.3 5148.5
0.9 0.5 50 6592 4513.5 4348.5
0.1 0.75 50 10903 7765.0 8090.0
0.25 0.75 50 10461 6774.2 6477.5
0.5 0.75 50 9431 6115.5 5878.5
0.75 0.75 50 8530 6030.9 5845.5
0.9 0.75 50 8161 5128.4 5149.0
0.1 0.9 50 10858 7952.0 8208.5
0.25 0.9 50 10073 7076.4 7109.0
0.5 0.9 50 9743 6823.1 6726.0
0.75 0.9 50 7026 4772.0 4736.0
0.9 0.9 50 7880 4450.2 4414.0
0.1 0.1 100 11308 8744.1 9381.0
0.25 0.1 100 9994 6916.8 6952.0
0.5 0.1 100 9687 5986.9 6115.0
0.75 0.1 100 8618 6023.2 6096.5
0.9 0.1 100 8850 5583.7 5596.0
0.1 0.25 100 10680 6930.5 6431.5
0.25 0.25 100 9311 6357.8 5868.5
0.5 0.25 100 7729 6132.0 6530.5
0.75 0.25 100 9389 5023.8 4631.0
0.9 0.25 100 7812 5154.7 5082.5
0.1 0.5 100 11094 7182.1 7007.0
0.25 0.5 100 9660 6679.8 6836.5
0.5 0.5 100 8982 5045.9 4636.5
0.75 0.5 100 8861 5279.2 4536.0
0.9 0.5 100 5576 4024.2 4007.5
0.1 0.75 100 9265 7396.0 7877.0
0.25 0.75 100 10844 6090.5 5464.0
0.5 0.75 100 8162 6298.5 6542.0
0.75 0.75 100 9046 5760.8 5704.5
0.9 0.75 100 6507 4845.3 4809.5
0.1 0.9 100 11014 6477.6 6442.5
0.25 0.9 100 10732 7746.0 7721.5
0.5 0.9 100 9479 5785.4 5697.0
0.75 0.9 100 7442 5419.7 5037.5
0.9 0.9 100 5541 4441.1 4691.5
0.1 0.1 200 10203 7083.9 6670.5
0.25 0.1 200 9265 6666.2 6500.0
0.5 0.1 200 8825 6347.9 6290.0
0.75 0.1 200 6247 4652.2 4795.5
0.9 0.1 200 6305 4018.9 4070.0
0.1 0.25 200 9736 7223.7 7494.5
0.25 0.25 200 10424 6867.9 5965.0
0.5 0.25 200 7585 5741.3 6052.5
0.75 0.25 200 8266 5009.0 5219.0
0.9 0.25 200 8013 4855.0 4784.0
0.1 0.5 200 12092 7774.2 7822.0
0.25 0.5 200 12528 7555.8 6655.0
0.5 0.5 200 7096 5781.3 5981.0
0.75 0.5 200 8274 5513.3 5210.5
0.9 0.5 200 7590 4528.4 5043.0
0.1 0.75 200 12387 7426.3 6948.0
0.25 0.75 200 11878 6379.8 6866.0
0.5 0.75 200 8475 6535.9 6893.5
0.75 0.75 200 9181 5601.2 5374.0
0.9 0.75 200 6987 4786.9 5621.5
0.1 0.9 200 10153 7885.0 7757.0
0.25 0.9 200 9565 6769.7 7087.5
0.5 0.9 200 7511 4915.2 4523.5
0.75 0.9 200 7015 4986.5 4977.5
0.9 0.9 200 7588 5390.6 5609.5
