0.1 0.1 5 12125 8395.7 8775.5
0.25 0.1 5 13330 7492.6 7751.5
0.5 0.1 5 8459 5487.2 5816.0
0.75 0.1 5 4656 2867.0 2864.5
0.9 0.1 5 7777 3836.9 2939.5
0.1 0.25 5 14013 8773.3 10447.5
0.25 0.25 5 12532 7540.4 8551.0
0.5 0.25 5 6518 4419.6 4767.5
0.75 0.25 5 6166 3937.0 4390.0
0.9 0.25 5 6127 2512.2 2770.0
0.1 0.5 5 14110 9666.4 9323.5
0.25 0.5 5 10874 6747.6 6547.0
0.5 0.5 5 10227 5338.9 5147.5
0.75 0.5 5 6062 3452.3 2865.5
0.9 0.5 5 5868 2691.0 2129.5
0.1 0.75 5 10550 6733.8 7265.5
0.25 0.75 5 11790 7578.6 7054.0
0.5 0.75 5 10501 5183.6 4803.0
0.75 0.75 5 10327 5448.6 4834.0
0.9 0.75 5 7293 3520.2 3288.0
0.1 0.9 5 10114 6413.7 7141.0
0.25 0.9 5 11709 7966.0 8069.0
0.5 0.9 5 11229 6472.8 5951.0
0.75 0.9 5 10146 4247.4 3397.0
0.9 0.9 5 10180 3538.5 3308.0
0.1 0.1 10 10731 6505.8 6066.5
0.25 0.1 10 12560 7680.5 7340.0
0.5 0.1 10 7856 4023.4 3104.5
0.75 0.1 10 9652 4620.2 4179.0
0.9 0.1 10 6164 2904.8 2226.0
0.1 0.25 10 9837 6151.6 6602.0
0.25 0.25 10 15102 8900.1 8824.5
0.5 0.25 10 11308 6505.2 5753.0
0.75 0.25 10 8494 4126.9 4486.0
0.9 0.25 10 4469 2807.3 3116.5
0.1 0.5 10 14487 8545.3 7907.0
0.25 0.5 10 9803 5953.6 6473.0
0.5 0.5 10 9835 4076.2 3390.5
0.75 0.5 10 5668 4019.7 4105.5
0.9 0.5 10 6413 2176.0 1666.0
0.1 0.75 10 12110 7280.3 7532.0
0.25 0.75 10 10340 6058.6 6196.0
0.5 0.75 10 8909 4151.8 3579.0
0.75 0.75 10 8911 4128.0 3965.0
0.9 0.75 10 8498 4934.3 4917.5
0.1 0.9 10 13081 8665.2 9565.5
0.25 0.9 10 12578 7695.8 7874.0
0.5 0.9 10 10888 4862.9 4402.5
0.75 0.9 10 10042 3708.6 2744.5
0.9 0.9 10 4999 2795.3 2971.5
0.1 0.1 50 10940 7059.4 6291.0
0.25 0.1 50 11558 7438.3 7602.0
0.5 0.1 50 10238 5724.6 6321.0
0.75 0.1 50 6893 2888.0 2149.5
0.9 0.1 50 6120 3663.0 3499.5
0.1 0.25 50 15144 10092.9 10428.5
0.25 0.25 50 9755 5892.1 6206.0
0.5 0.25 50 10700 4891.1 4844.0
0.75 0.25 50 7433 3654.4 3218.5
0.9 0.25 50 4543 3173.9 3312.0
0.1 0.5 50 13533 9577.9 9257.5
0.25 0.5 50 9047 5415.9 6171.0
0.5 0.5 50 5991 3407.3 3311.0
0.75 0.5 50 9853 4481.6 3720.5
0.9 0.5 50 6854 4159.9 4485.5
0.1 0.75 50 10624 6939.0 7383.5
0.25 0.75 50 11846 6047.0 5907.0
0.5 0.75 50 8757 4305.4 3191.5
0.75 0.75 50 11862 4677.1 3677.0
0.9 0.75 50 7457 3974.0 3608.0
0.1 0.9 50 12582 6611.6 6753.0
0.25 0.9 50 11190 6737.0 5993.0
0.5 0.9 50 9818 5600.1 6066.0
0.75 0.9 50 7577 5107.9 4747.0
0.9 0.9 50 8215 4297.0 3759.0
0.1 0.1 100 11426 6817.5 7911.5
0.25 0.1 100 12005 8566.1 8826.5
0.5 0.1 100 13243 6688.5 6511.0
0.75 0.1 100 5272 3006.1 3318.0
0.9 0.1 100 5725 3569.0 3282.0
0.1 0.25 100 12768 8948.2 8907.0
0.25 0.25 100 10610 7603.1 7665.0
0.5 0.25 100 11875 5910.4 5364.0
0.75 0.25 100 7830 4319.1 4171.0
0.9 0.25 100 6949 3577.2 3276.0
0.1 0.5 100 13198 7537.6 8773.5
0.25 0.5 100 11816 5848.4 5426.0
0.5 0.5 100 11798 5503.1 4927.0
0.75 0.5 100 8188 3863.1 3608.5
0.9 0.5 100 5840 3381.9 3285.0
0.1 0.75 100 14596 9900.7 10014.5
0.25 0.75 100 10947 8294.6 8697.0
0.5 0.75 100 8316 4578.1 3845.5
0.75 0.75 100 5410 2953.0 3037.0
0.9 0.75 100 4512 3085.7 3151.5
0.1 0.9 100 14950 7018.6 6015.5
0.25 0.9 100 12011 7758.6 8548.5
0.5 0.9 100 9219 4613.5 4118.0
0.75 0.9 100 10104 4117.1 4000.5
0.9 0.9 100 8028 3322.9 3526.0
0.1 0.1 200 10952 6475.0 5593.5
0.25 0.1 200 11179 8423.7 8853.5
0.5 0.1 200 10975 5346.4 4626.5
0.75 0.1 200 6699 4533.4 4310.5
0.9 0.1 200 5860 2452.6 2475.5
0.1 0.25 200 11560 7575.1 8417.5
0.25 0.25 200 9960 6621.7 6688.5
0.5 0.25 200 7105 4152.2 3831.0
0.75 0.25 200 6779 4972.0 5313.0
0.9 0.25 200 6716 3412.9 3544.0
0.1 0.5 200 11561 7153.0 7235.0
0.25 0.5 200 9881 5978.1 6072.5
0.5 0.5 200 11070 5566.2 4411.5
0.75 0.5 200 6552 3478.0 3327.0
0.9 0.5 200 8108 4603.3 5268.0
0.1 0.75 200 13602 8239.5 8341.0
0.25 0.75 200 11561 5356.4 4603.5
0.5 0.75 200 10298 5594.2 5363.0
0.75 0.75 200 9053 4520.2 3933.5
0.9 0.75 200 4451 2865.7 2970.5
0.1 0.9 200 13672 9184.9 9130.5
0.25 0.9 200 11654 6546.2 6084.5
0.5 0.9 200 8599 4392.0 3600.5
0.75 0.9 200 6129 3819.9 3612.5
0.9 0.9 200 4215 2802.5 3080.0
